notebooks/part1_flopy/data_project/aquifer_bottom.asc
NCOLS 20
NROWS 40
XLLCENTER 125.
YLLCENTER 125.
CELLSIZE 250.
NODATA_VALUE 1.e30
17.00800       18.50700       18.67200       15.93000       13.96100       14.46200       8.019000       10.60000       8.884700       7.227400   6.251100       6.006100       7.114300       6.903900       6.244300       6.945000       6.985500       5.031000       4.006100       6.658400
19.12600       17.34500       18.23400       13.66000       13.26200       13.92200       10.67600       9.916700       11.02500       6.409400   4.878200       5.084300       6.532100       5.177300       5.718100       4.332900       5.886700       6.435600       5.294100       6.050300
17.48000       18.86000       18.29600       12.98600       13.73800       14.40100       9.202000       11.20800       8.349900       8.574200   5.981000       6.519900       6.245300       5.006600       7.172000       7.163500       4.590800       5.132500       5.052400       6.801100
17.97000       18.89700       19.31300       14.86200       13.32100       15.76800       11.46600       8.756800       12.32800       7.055000   3.059000       2.824300       2.245100       2.985800       3.190900       2.231900       7.785000       4.955500       6.338900       6.475500
18.91100       18.04500       16.99500       14.88100       15.21200       13.75400       8.691100       14.63500       10.04500       4.789300   3.168800       2.976200       2.581300       2.968300       2.350700       2.702800       3.505600       6.333500       4.777700       5.406600
15.99900       18.17800       16.63500       13.73900       13.60200       14.80500       15.18400       12.81500       14.26300       10.67300   3.401400       3.342800       2.925700       3.023800       3.236100       2.694900       2.623200       3.008500       6.056100       6.518400
15.92700       13.24200       15.20600       11.21300       14.45600       11.63100       15.13400       12.83500       14.00400       8.936400   3.467900       3.381400       2.923600       3.494700       3.571500       3.313100       3.936900       2.715000       4.514800       5.877400
19.60000       14.54300       14.03300       13.18600       15.34400       14.83000       14.59400       15.50700       14.88800       8.819500   3.463300       3.310500       4.045600       2.815300       2.852900       3.195100       2.615000       4.268900       3.422500       6.745100
18.47600       13.43300       12.34700       15.74100       1.000e30       1.000e30       1.000e30       12.87500       8.827300       5.108700   4.136800       3.267700       2.883900       3.325800       3.485700       3.211200       3.080600       2.504500       3.516800       5.348900
19.66500       13.11700       15.52800       14.13100       1.000e30       1.000e30       1.000e30       1.000e30       10.39200       6.365200   3.067000       2.661000       3.094200       2.425100       3.501900       2.436800       3.345600       2.542700       3.851500       2.827300
17.51300       14.75900       13.08300       15.51700       1.000e30       1.000e30       1.000e30       1.000e30       10.55100       5.448600   3.134700       3.369800       3.061300       3.055700       3.061300       2.735100       3.022600       2.865600       2.896300       3.613400
12.28100       13.47600       14.60400       14.49600       1.000e30       1.000e30       1.000e30       1.000e30       9.712600       5.261000   2.540600       4.192700       3.072200       3.140700       2.625800       3.242600       3.533400       2.854900       2.582600       3.292500
14.14200       11.96200       13.89600       12.91300       1.000e30       1.000e30       1.000e30       1.000e30       8.603100       5.652200   1.753200       1.652100       1.493200       1.733800       1.646200       1.851300       3.289600       2.661700       3.783800       3.437700
14.96000       13.66900       11.69900       10.42300       1.000e30       1.000e30       1.000e30       1.000e30       9.405600       5.633600   1.626200       1.689600       1.284600       1.543800       1.840200       1.595600       3.710400       3.199300       3.244800       2.746200
12.85200       13.66100       10.57300       9.033900       1.000e30       1.000e30       1.000e30       1.000e30       9.265600       6.600300   1.074800       1.729500       1.454400       1.519800       1.121400       1.675600       4.390900       2.459000       2.008300       3.420600
14.40300       15.21300       10.40900       9.035500       1.000e30       1.000e30       1.000e30       1.000e30       10.11100       3.699200   1.423200       1.749900       1.658100       1.592000       1.610400       1.272500       4.190300       2.912200       3.189100       3.699800
13.19100       9.304600       9.224100       10.17700       1.000e30       1.000e30       1.000e30       1.000e30       8.026200       6.212700   1.376300       1.294300       1.451600       1.307900       1.109200       1.314900       2.943700       3.651600       3.216900       3.241100
13.75700       9.669700       6.915600       10.09200       1.000e30       1.000e30       1.000e30       1.000e30       10.80300       6.446400   1.327300       1.579600       1.121900       1.276900       1.581400       1.465200       1.637000       2.882900       2.403000       2.302500
13.63100       11.05100       6.063200       11.08900       1.000e30       1.000e30       1.000e30       1.000e30       9.677700       6.218800   1.707600       1.124400       1.275000       1.554500       1.446500       1.628400       1.501600       2.539900       1.771200       4.011500
14.26900       10.14300       3.994300       10.64500       1.000e30       1.000e30       1.000e30       1.000e30       10.36000       5.341300   1.113700       1.340500       1.420900       1.564900       2.200000       1.449800       1.524100       2.943600       3.100300       2.879000
12.24400       9.760700       7.878400       9.502800       1.000e30       1.000e30       1.000e30       1.000e30       8.717300       3.953900   1.836700       1.338500      0.9366500       1.396000       1.739000       1.590700       1.525100       2.915900       3.822300       2.626700
14.71800       10.69500       4.730300       8.280700       1.000e30       1.000e30       10.11200       12.15600       5.968500       6.009900   1.157700       1.644700       1.822900       1.329200       1.336500       1.809300       1.309300       1.647000       2.461800       3.156300
12.02400       9.328900       5.472500       8.635400       8.437900       1.000e30       10.13500       11.92700       5.991700       6.085400   1.283100       1.884900       1.164100       2.008400       1.368800       1.388000       1.251200       1.489500       1.699100       2.970700
13.80300       8.953500       7.100000       9.385200       11.01200       11.41000       10.45100       4.766500       7.022300       5.081600   1.489900       1.329400       1.602600       1.172900       1.413700       1.777900       1.066100       1.488500       2.937300       3.176000
14.26500       9.084700       5.285600       12.81300       11.10700       5.241600       5.799100       5.603400       6.766800       1.781300   0.6455100      0.3463200      0.3345700      0.6103700      0.2986600      0.7599000       2.248400       1.418900       2.862300       2.662900
14.87200       10.04900       10.57900       7.276600       6.542500       4.170300       6.161800       4.036100       3.459800       2.705100   0.4493500      0.6372500      0.5441700      0.5619100      0.4726000      0.2459700       1.144500       1.584100       3.825500       3.580700
13.41000       10.74200       9.434800       10.04900       6.554600       5.983300       4.512700       4.500200       2.705800       3.413400   0.3049500      0.5415900      0.4242700      0.4677500      0.3847600      0.4794000       1.721600       1.644100       1.382500       3.487100
13.73500       12.12700       9.424100       10.30600       7.194400       6.803900       5.402100       3.430800       2.709800       1.981000   0.8697100      0.3390600      0.4952000      0.1862100      0.2102900      0.3799300       1.394600       1.552200       1.527300       2.703700
15.01700       10.89700       10.49900       10.83400       6.644500       6.454000       5.425700       2.487500       2.659200       1.843500   0.1829100      0.4235700E-01  0.7851600      0.4403800      0.6895600      0.8463000       1.461100       1.301100       1.624700       3.561000
14.11100       9.878700       8.035100       5.338400       6.277500       5.224000       5.589600       5.589100       2.645100       1.756800   0.9157200      0.5692600      0.2343900      0.4442100      0.1394500E-01  0.6347100      0.4316200       1.496000       1.711900       3.440400
11.29600       9.656600       7.735600       11.02000       4.576800       7.203700       7.388500       5.205200       2.721700       1.362400   0.3339300      0.6941500      0.6532100      0.5919300      0.4124600      0.4952200      0.7150300       1.098500       1.697500       2.180500
12.59400       9.910300       10.76900       4.597700       5.660700       6.281000       5.761600       2.449100       3.472100       2.060800   0.6855200      0.2533600      0.9144100      0.5434600      0.5694900      0.7500800      0.2377700       1.218600       1.107200       3.148700
1.000e30       8.867500       10.93700       5.946300       6.719100       6.562300       5.411800       3.443900       2.384000       1.910400   0.5074600      0.6843800      0.1887700      0.4654100      0.7109100      0.3407100      0.1594200       1.475300       1.000800       2.479000
1.000e30       1.000e30       10.95100       6.161300       6.392300       6.770900       2.970700       3.001600       3.164000      0.9274100   0.1631000      0.6600500      0.2656100      0.3331100      0.6923200      0.4834500      0.6388800       1.373700       1.679700       1.466100
1.000e30       1.000e30       1.000e30       7.354800       5.173100       4.970800       5.284500       6.208700       3.105200       1.332700   0.8008400      0.3992100      0.4791300      0.1835100      0.5878800      0.7434400      0.8502100       1.932800       1.855600       2.002200
1.000e30       1.000e30       1.000e30       1.000e30       4.277900       4.843800       5.589200       5.088600       3.224500       1.668300   0.6847200      0.4031300      0.5130700      0.5307200      0.2502700      0.6330200      0.6843000       1.436900       1.617400       1.000e30
1.000e30       1.000e30       1.000e30       1.000e30       5.892600       6.247500       7.163200       3.038700       2.253600       1.646400   0.3107500     -0.2027400      0.5489600       1.077900      0.6494400E-01  0.4217000      0.3124400       1.781100       1.446600       1.000e30
1.000e30       1.000e30       1.000e30       1.000e30       1.000e30       6.585500       4.740200       1.785500       2.912200       1.615500   0.7083200      0.4166600      0.5610000      0.4743800      0.3715100      0.3287200      0.4957800       1.428500       1.000e30       1.000e30
1.000e30       1.000e30       1.000e30       1.000e30       1.000e30       5.150300       5.896000       2.345000       2.725400       1.418900   0.1220000      0.4666100      0.4943600      0.1661600      0.6749200      0.6819000     -0.1663300E-02   1.000e30       1.000e30       1.000e30
1.000e30       1.000e30       1.000e30       1.000e30       1.000e30       6.913800       4.580800       2.527500       2.603800       1.444400   0.5365200      0.2253100      0.5895600      0.6078600      0.5059900       1.000e30       1.000e30       1.000e30       1.000e30       1.000e30    
