notebooks/part1_flopy/data_project/aquifer_top.asc
NCOLS 20
NROWS 40
XLLCENTER 125.
YLLCENTER 125.
CELLSIZE 250.
NODATA_VALUE 1.000000000000000020e+30
2.946643937455963425e+01 2.935861072930473981e+01 2.911934797539687736e+01 2.877195660485190842e+01 2.835450574997246775e+01 2.785044640827571172e+01 2.731411563669391640e+01 2.676453230436622732e+01 2.616671513617391298e+01 2.554785930815413764e+01 2.487301389188027301e+01 2.417931553289842839e+01 2.343616005258702017e+01 2.271391208466045342e+01 2.211492033947626012e+01 2.214696968061318216e+01 2.223098326041037254e+01 2.229978808263301815e+01 2.234711860211259804e+01 2.237728168190717426e+01
2.950145489906432417e+01 2.939357369988410795e+01 2.914323191169991034e+01 2.878606513289636837e+01 2.839264730373130519e+01 2.788025558906191037e+01 2.732134849513958130e+01 2.675965632640132696e+01 2.614377363871361837e+01 2.548366224140261593e+01 2.479703400041706374e+01 2.410636573658856818e+01 2.335329758649060139e+01 2.259492122545785975e+01 2.189995670877244294e+01 2.203286018388799405e+01 2.216294156801401982e+01 2.225555404163878492e+01 2.231066939064639598e+01 2.234370042806995471e+01
2.957231538377708802e+01 2.945530448518926647e+01 2.919694055954663980e+01 2.883589833334374575e+01 2.844660128589269021e+01 2.791445042365379692e+01 2.733275656582059199e+01 2.674964491181445680e+01 2.610238753496977893e+01 2.539247804363099092e+01 2.466496726336214707e+01 2.395251189694523575e+01 2.317739004185735041e+01 2.243959713844293447e+01 2.168089827730888786e+01 2.188560142330432257e+01 2.205274769122173595e+01 2.216690495543226902e+01 2.223685628224682631e+01 2.227397391257797210e+01
2.970285292538564903e+01 2.957077668755800914e+01 2.929185047650297236e+01 2.892577176948976003e+01 2.852377602105524090e+01 2.797969972225626023e+01 2.734912278010794751e+01 2.672023507611103810e+01 2.598879615729030235e+01 2.519820150841163198e+01 2.446142118381072095e+01 2.375329927547010911e+01 2.301656973625327751e+01 2.226216506448122345e+01 2.145517715171886053e+01 2.169547170083614418e+01 2.190372109878441265e+01 2.205023774637105660e+01 2.212965120409285191e+01 2.217278399666433586e+01
2.988012828753502248e+01 2.972984410071897088e+01 2.944650762316825876e+01 2.907553648023869286e+01 2.861960716955594108e+01 2.805383657807142583e+01 2.742211189227030843e+01 2.665529393201588348e+01 2.578961685227082157e+01 2.499659193797043244e+01 2.426699535184415168e+01 2.357414791305769697e+01 2.282327141790306513e+01 2.204686993080650481e+01 2.123020776255236441e+01 2.150429514334277670e+01 2.172873140314782603e+01 2.189875915799475337e+01 2.200030194706038955e+01 2.205123861121314377e+01
3.007682683271324464e+01 2.994656798946000009e+01 2.965568223917797752e+01 2.928401798330227024e+01 2.877504083866728379e+01 2.815064432464331645e+01 2.740113090465289503e+01 2.654526777229133572e+01 2.565053503158652148e+01 2.475029111732175124e+01 2.401503756926943467e+01 2.333986943370695144e+01 2.260968510347562344e+01 2.186106144539672513e+01 2.101087520835161371e+01 2.131842724459964344e+01 2.156778676822501595e+01 2.173977495268140814e+01 2.185660379455163138e+01 2.191088264790504070e+01
3.026187429913153792e+01 3.016829008761726527e+01 2.991820524387442859e+01 2.953968303499495107e+01 2.892996758653217171e+01 2.821782210417133285e+01 2.739290312670886252e+01 2.637421327165057505e+01 2.535635760007107109e+01 2.445448953387474944e+01 2.376513965288578945e+01 2.308057770267727804e+01 2.239485616972423898e+01 2.166089167869068532e+01 2.077548424442073483e+01 2.113414143962430813e+01 2.140057376885951257e+01 2.159000117454443313e+01 2.170475678804659125e+01 2.176037996780635098e+01
3.050822562868484766e+01 3.040874765659906487e+01 3.019991613437807843e+01 2.984306180173513923e+01 2.908047969966482427e+01 2.825912594799861921e+01 2.737605014012338955e+01 2.599635761034220138e+01 2.485828997113785377e+01 2.406599095342924954e+01 2.344009373694193243e+01 2.279231730339143880e+01 2.215220577869033036e+01 2.142794069783175814e+01 2.055010878541756369e+01 2.094858015587588795e+01 2.122777550047018735e+01 2.142529757820012293e+01 2.154392306962107639e+01 2.159937145562032157e+01
3.077715233820834584e+01 3.070627636796780635e+01 3.057055879991089142e+01 3.043012046167801543e+01 1.000000000000000020e+30 1.000000000000000020e+30 1.000000000000000020e+30 2.501009876674041976e+01 2.420311076618675017e+01 2.365985237501062954e+01 2.310481022408105289e+01 2.251637820933962075e+01 2.193172321854106599e+01 2.125089053380792947e+01 2.034465605046377590e+01 2.081970802677319199e+01 2.108067073492165733e+01 2.126038001134530830e+01 2.137892541292911730e+01 2.142911519206050386e+01
3.102970806720947294e+01 3.097444202432291149e+01 3.090037214035148949e+01 3.083189531641124148e+01 1.000000000000000020e+30 1.000000000000000020e+30 1.000000000000000020e+30 1.000000000000000020e+30 2.348145164101500271e+01 2.317991610611080944e+01 2.274826806831993409e+01 2.225760158824494539e+01 2.171636324638291526e+01 2.119120758937943449e+01 2.101182449217333925e+01 2.082285110507597636e+01 2.093892029876771943e+01 2.109741472021476483e+01 2.120945702786495701e+01 2.126963305978036800e+01
3.124103901197196009e+01 3.119984311567981550e+01 3.115716533095705643e+01 3.111948173722763400e+01 1.000000000000000020e+30 1.000000000000000020e+30 1.000000000000000020e+30 1.000000000000000020e+30 2.295803575020275034e+01 2.275274621881123593e+01 2.241199785817086010e+01 2.193723467144723216e+01 2.136308808179932939e+01 2.071677814349860114e+01 1.989256797663075460e+01 2.042194240953061524e+01 2.069655493751367459e+01 2.089282117610590817e+01 2.101958336360254620e+01 2.108552752448496648e+01
3.136334320763309336e+01 3.135157379562558688e+01 3.132742132070661611e+01 3.131010512995680983e+01 1.000000000000000020e+30 1.000000000000000020e+30 1.000000000000000020e+30 1.000000000000000020e+30 2.254568757939539481e+01 2.238535820965341472e+01 2.206597878022388670e+01 2.160227090886462165e+01 2.103812168233181268e+01 2.037624098940753825e+01 1.963307432672717567e+01 2.011174758140476371e+01 2.045936658029417288e+01 2.066813135327886286e+01 2.081958912307574394e+01 2.088312388772390094e+01
3.142955521972230315e+01 3.142573443276749501e+01 3.141567264538707249e+01 3.140231358797689509e+01 1.000000000000000020e+30 1.000000000000000020e+30 1.000000000000000020e+30 1.000000000000000020e+30 2.225106331419324235e+01 2.209547955982257150e+01 2.176564364226016934e+01 2.131055079351994408e+01 2.077338202649637466e+01 2.012557339872148887e+01 1.941488594276432522e+01 1.984249818797877651e+01 2.021035325473836863e+01 2.044928714194905695e+01 2.060315916874073139e+01 2.068039101109541278e+01
3.144553794558450832e+01 3.144361213433351310e+01 3.143148243112269213e+01 3.141699407063565630e+01 1.000000000000000020e+30 1.000000000000000020e+30 1.000000000000000020e+30 1.000000000000000020e+30 2.203082176981307683e+01 2.186475069980853903e+01 2.155233527592826803e+01 2.111395790465838118e+01 2.054829204668528320e+01 1.989572272287242427e+01 1.918647487277561936e+01 1.963021977926173989e+01 2.000019428129055399e+01 2.024734261030599924e+01 2.039156752972626663e+01 2.045880025713658412e+01
3.140315692989424434e+01 3.140083145663317410e+01 3.138604753789938684e+01 3.137587345630613811e+01 1.000000000000000020e+30 1.000000000000000020e+30 1.000000000000000020e+30 1.000000000000000020e+30 2.186573905740588586e+01 2.169769145454954185e+01 2.137265300591963424e+01 2.091313166880346586e+01 2.037469824899941173e+01 1.972379816027305921e+01 1.895091766327369953e+01 1.941544458333827095e+01 1.980133676274618182e+01 2.005775449638773367e+01 2.020362272244240742e+01 2.026379038663729659e+01
3.130256646774359197e+01 3.129477495983877944e+01 3.128454354116654912e+01 3.128099906849032763e+01 1.000000000000000020e+30 1.000000000000000020e+30 1.000000000000000020e+30 1.000000000000000020e+30 2.175782570856024378e+01 2.158700078724230309e+01 2.123868248659254832e+01 2.074429485268829154e+01 2.019519111055065963e+01 1.952805196422795575e+01 1.872986246257069354e+01 1.920554296051097154e+01 1.959521110774242558e+01 1.986053207254777675e+01 2.001057415772838155e+01 2.007647276829533212e+01
3.114935924477120111e+01 3.113864876551311056e+01 3.112756232620207442e+01 3.112924381986219302e+01 1.000000000000000020e+30 1.000000000000000020e+30 1.000000000000000020e+30 1.000000000000000020e+30 2.171942473278269858e+01 2.153430401772646263e+01 2.114826048169090100e+01 2.062646376422809524e+01 2.004387471086048578e+01 1.934096805230569771e+01 1.850017476951641271e+01 1.898233754426590991e+01 1.938439599712383554e+01 1.966464688395099358e+01 1.981974891633623770e+01 1.988562424399252748e+01
3.095582399068396384e+01 3.094249910489237720e+01 3.092074359704094277e+01 3.092235014862259490e+01 1.000000000000000020e+30 1.000000000000000020e+30 1.000000000000000020e+30 1.000000000000000020e+30 2.177128789758679872e+01 2.155709062693424727e+01 2.116160105070389719e+01 2.057215139963426864e+01 1.989450968993596192e+01 1.915169798474925145e+01 1.827267394492538699e+01 1.876647030650197223e+01 1.916746884013061347e+01 1.945857969106496199e+01 1.962728562255418652e+01 1.970697466379584029e+01
3.070398646509187657e+01 3.068601203227361296e+01 3.066280858542447518e+01 3.064752345728221172e+01 1.000000000000000020e+30 1.000000000000000020e+30 1.000000000000000020e+30 1.000000000000000020e+30 2.193206808329897228e+01 2.169006508421164270e+01 2.125408465872036246e+01 2.058495694105110729e+01 1.977138997748971505e+01 1.895517081689740024e+01 1.805323363395357816e+01 1.856201002448660731e+01 1.897766597112760678e+01 1.927624285680064631e+01 1.944955493049954853e+01 1.952798994353382156e+01
3.039950620503043055e+01 3.038246544048489639e+01 3.034718928963960849e+01 3.030589736013642010e+01 1.000000000000000020e+30 1.000000000000000020e+30 1.000000000000000020e+30 1.000000000000000020e+30 2.219263985833128316e+01 2.191374813187560733e+01 2.140133696564575416e+01 2.063414840898888158e+01 1.970872527465485646e+01 1.879258818154395527e+01 1.782309734546291935e+01 1.836717526214642149e+01 1.878758749312684628e+01 1.909344875853253853e+01 1.928137834157659469e+01 1.935656789359889629e+01
3.006669291284337930e+01 3.003009522788229546e+01 2.996324899768038463e+01 2.991055472454789665e+01 1.000000000000000020e+30 1.000000000000000020e+30 1.000000000000000020e+30 1.000000000000000020e+30 2.260507861731187518e+01 2.221003657554818744e+01 2.159501696245240865e+01 2.075629111946140526e+01 1.967047378891821197e+01 1.859124402791628583e+01 1.759449363030730495e+01 1.816395289283184411e+01 1.860365584967638597e+01 1.890989063769492518e+01 1.910465831664267000e+01 1.919308572449930139e+01
2.969546202010398872e+01 2.962996344319623532e+01 2.953952195548559345e+01 2.944798449491641890e+01 1.000000000000000020e+30 1.000000000000000020e+30 2.446319965733831836e+01 2.400803422263291154e+01 2.323310772335309338e+01 2.258505178195310847e+01 2.182406261525745705e+01 2.083707725848127623e+01 1.960987966452099229e+01 1.844887098300639749e+01 1.736602532294658374e+01 1.795923970337019782e+01 1.843906917993494687e+01 1.874523969522658362e+01 1.893188514459056293e+01 1.902886114465370682e+01
2.930191707172471993e+01 2.921965701129404280e+01 2.907911016202453780e+01 2.882807230264397091e+01 2.832286915352235468e+01 1.000000000000000020e+30 2.478585887682676869e+01 2.429746847005297283e+01 2.358509826039949786e+01 2.288060123164960302e+01 2.199515545388195292e+01 2.092594515713300751e+01 1.957931328339987331e+01 1.828837045570930186e+01 1.714768663954374261e+01 1.775520845676198434e+01 1.825690522880231725e+01 1.860478044783713258e+01 1.878966588119039471e+01 1.888231242758870820e+01
2.893788833686966555e+01 2.883365635313675668e+01 2.864180294332966881e+01 2.831039704120699341e+01 2.766408976798085817e+01 2.657837131642428119e+01 2.544472437443052826e+01 2.466277839467147359e+01 2.389051386824962719e+01 2.309372781196964652e+01 2.211334943039897993e+01 2.095256413046788779e+01 1.955010256392419876e+01 1.816247260102643324e+01 1.691891470786754326e+01 1.758703916470896900e+01 1.810617404567930677e+01 1.844282189544492567e+01 1.864772201785345729e+01 1.874454473198420601e+01
2.859087924153362081e+01 2.848127502376030051e+01 2.827539729902531462e+01 2.789130929436525008e+01 2.724337062865132708e+01 2.646979581909888424e+01 2.568098737364167050e+01 2.492002326547624591e+01 2.406483346145248703e+01 2.318107059803179837e+01 2.218963592142849706e+01 2.095180482797606203e+01 1.948339247457880674e+01 1.800282416180523271e+01 1.669196958354308791e+01 1.738685462317149089e+01 1.796118431307073493e+01 1.830416468030112398e+01 1.851571670986803397e+01 1.861414818831056195e+01
2.826653429793755734e+01 2.816458008190308959e+01 2.794505790312170745e+01 2.754725869060254695e+01 2.700725723909361875e+01 2.640666192928869904e+01 2.572477324178104396e+01 2.500502984269600759e+01 2.420517553309561265e+01 2.330013184012754124e+01 2.218169003053770183e+01 2.081281776012354001e+01 1.935409985812264821e+01 1.789316950442504961e+01 1.647712700944286013e+01 1.722424527095714097e+01 1.782367222625492786e+01 1.817740881281027399e+01 1.839842480345447839e+01 1.850216807527443308e+01
2.798026972858352579e+01 2.786843222944115439e+01 2.765824729627190948e+01 2.732907770300312933e+01 2.686923247523753133e+01 2.633844755331445242e+01 2.576142732310124117e+01 2.503198570422987146e+01 2.422623876032633206e+01 2.340617662581950498e+01 2.203827460041103237e+01 2.053537057430038004e+01 1.931031363305855919e+01 1.785620021484686859e+01 1.623751168382217003e+01 1.707407610991179325e+01 1.770032132723422080e+01 1.808021027278379478e+01 1.830453839565641871e+01 1.840409226349122207e+01
2.772239912678955065e+01 2.760374949036896552e+01 2.742154097091702170e+01 2.712264767288131040e+01 2.675476802823966338e+01 2.634735639808458529e+01 2.578787464786117667e+01 2.496643294024475779e+01 2.408471474831007342e+01 2.315724642882678452e+01 2.182626914451074640e+01 2.047380363752190391e+01 1.921778279342613516e+01 1.774629943248441677e+01 1.600845778125052732e+01 1.691079599541584599e+01 1.758956932588324662e+01 1.799212480403335235e+01 1.821146580513713786e+01 1.831580789180701530e+01
2.747328294816630745e+01 2.736643528963134742e+01 2.719517239592338953e+01 2.693511963881472226e+01 2.665471379569724419e+01 2.634584986304740539e+01 2.590482158243113275e+01 2.490491418767207321e+01 2.375393062075002604e+01 2.294267700691351308e+01 2.167686686824162834e+01 2.028743570087915060e+01 1.908855201470541729e+01 1.757920835966880091e+01 1.578566223533773893e+01 1.674540614489234258e+01 1.750340376551222121e+01 1.791260097903917625e+01 1.813245631586068640e+01 1.822784576993628036e+01
2.725138489047946067e+01 2.715859748406898788e+01 2.698325251708029526e+01 2.675862926332941072e+01 2.653242882987365903e+01 2.630871459926329337e+01 2.578045043377646195e+01 2.477303162723782037e+01 2.364773975677682571e+01 2.261681606428427571e+01 2.136190849592470187e+01 2.001743896407355550e+01 1.886419027617005639e+01 1.741676632066164387e+01 1.555831628827179358e+01 1.656007563099903734e+01 1.737522914365176518e+01 1.780768439269301240e+01 1.802531549753935991e+01 1.811989440147117136e+01
2.708370745449613182e+01 2.697366734940636590e+01 2.677818666105302015e+01 2.652914558981056459e+01 2.629733669637674609e+01 2.602413206015200586e+01 2.548865032886725857e+01 2.447439051697356760e+01 2.343933306265501315e+01 2.240237072443742861e+01 2.112179911540744470e+01 1.985766418812257683e+01 1.866996803406026828e+01 1.732893277225556972e+01 1.532125294015125583e+01 1.638631576467580686e+01 1.719559420315855292e+01 1.766493562531708506e+01 1.787280441752654525e+01 1.794923162936487415e+01
2.696942102122416429e+01 2.676879780536816611e+01 2.651000449864854147e+01 2.620793737178651384e+01 2.595582830538708663e+01 2.565618461247911597e+01 2.505646522079831939e+01 2.412180500949427042e+01 2.328989815413258313e+01 2.222136717284006835e+01 2.107755540933233362e+01 1.972682100686517259e+01 1.842487229634373236e+01 1.713328445462890670e+01 1.509131965490726479e+01 1.611637806714276877e+01 1.689419808540285572e+01 1.737663130841269066e+01 1.763023555758249472e+01 1.770229920392051071e+01
1.000000000000000020e+30 2.654024367739684465e+01 2.622300830156655493e+01 2.587830654864907842e+01 2.554110947449501978e+01 2.513337892081830915e+01 2.453969010669957740e+01 2.407845407623559097e+01 2.320740517407713099e+01 2.191060336667024444e+01 2.099652423849810745e+01 1.971318536250296205e+01 1.803258370162007296e+01 1.642296118081634404e+01 1.487278366660422613e+01 1.569821605544339782e+01 1.650094503746417018e+01 1.703797437053095365e+01 1.733389263064552210e+01 1.743956217476040393e+01
1.000000000000000020e+30 1.000000000000000020e+30 2.587957228307246638e+01 2.549605983218204130e+01 2.509360135113804802e+01 2.464120099559772115e+01 2.411585116996487699e+01 2.356774665374985389e+01 2.274532545372879966e+01 2.188571839590161616e+01 2.085954426488603985e+01 1.951019825947482644e+01 1.766841190289966335e+01 1.606279961138236700e+01 1.463948839720243811e+01 1.551818861767162083e+01 1.622674052144038725e+01 1.677151540506554994e+01 1.706904272925562793e+01 1.722612723383423727e+01
1.000000000000000020e+30 1.000000000000000020e+30 1.000000000000000020e+30 2.505845310250011693e+01 2.450491079094367208e+01 2.403770350397582334e+01 2.356589140408145155e+01 2.306280527822806903e+01 2.242574480554762673e+01 2.164158423305009649e+01 2.052419192159828043e+01 1.897231413730787253e+01 1.716738609753203093e+01 1.583196899231525201e+01 1.441029512479920882e+01 1.531342148820109372e+01 1.598933264386532294e+01 1.651750101050209807e+01 1.683238061453296908e+01 1.708446077775296956e+01
1.000000000000000020e+30 1.000000000000000020e+30 1.000000000000000020e+30 1.000000000000000020e+30 2.370973229180403763e+01 2.333456539364398807e+01 2.290300024821411995e+01 2.240908318360196816e+01 2.185515787265144283e+01 2.106227846089601385e+01 1.988145873895144788e+01 1.854956549774924213e+01 1.696102846886678606e+01 1.553631654894614655e+01 1.419030338043322459e+01 1.511801557837864607e+01 1.579750499812375963e+01 1.626519732499451720e+01 1.651343906114694704e+01 1.000000000000000020e+30
1.000000000000000020e+30 1.000000000000000020e+30 1.000000000000000020e+30 1.000000000000000020e+30 2.320050623726867656e+01 2.253622664854805890e+01 2.202401743071878570e+01 2.154891094357030212e+01 2.108169526919565229e+01 2.037958688840117105e+01 1.930310884363245805e+01 1.817058383805290589e+01 1.677767920193561579e+01 1.532052022531890323e+01 1.395889029775097256e+01 1.497949324149139905e+01 1.560136610837451343e+01 1.603792062125117823e+01 1.634582467679648943e+01 1.000000000000000020e+30
1.000000000000000020e+30 1.000000000000000020e+30 1.000000000000000020e+30 1.000000000000000020e+30 1.000000000000000020e+30 2.122107598649464322e+01 2.092197604899834573e+01 2.057188392439567082e+01 2.025101804881525069e+01 1.956009267156782627e+01 1.849642046699133147e+01 1.755611141030482969e+01 1.644324691527648952e+01 1.512550527562590474e+01 1.372021830893251781e+01 1.482314138722149366e+01 1.538478505327507584e+01 1.580027955480228385e+01 1.000000000000000020e+30 1.000000000000000020e+30
1.000000000000000020e+30 1.000000000000000020e+30 1.000000000000000020e+30 1.000000000000000020e+30 1.000000000000000020e+30 2.001099243646643089e+01 1.980519910375172188e+01 1.949419242065480518e+01 1.924135827867162973e+01 1.841294865829128113e+01 1.744444948065963530e+01 1.664476081108451666e+01 1.577322959377457501e+01 1.473521865311595214e+01 1.349918503398452607e+01 1.466218798526058187e+01 1.512364459922400783e+01 1.000000000000000020e+30 1.000000000000000020e+30 1.000000000000000020e+30
1.000000000000000020e+30 1.000000000000000020e+30 1.000000000000000020e+30 1.000000000000000020e+30 1.000000000000000020e+30 1.889999999999999858e+01 1.839999999999999858e+01 1.810000000000000142e+01 1.760000000000000142e+01 1.710000000000000142e+01 1.600000000000000000e+01 1.500000000000000000e+01 1.450000000000000000e+01 1.400000000000000000e+01 1.340000000000000036e+01 1.000000000000000020e+30 1.000000000000000020e+30 1.000000000000000020e+30 1.000000000000000020e+30 1.000000000000000020e+30
