notebooks/part1_flopy/data_project/aquifer_top.asc
NCOLS 20
NROWS 40
XLLCENTER 125.
YLLCENTER 125.
CELLSIZE 250.
NODATA_VALUE 1.e30
2.629376878166274167e+01 2.615225121979827705e+01 2.582838483959656628e+01 2.531232225301120664e+01 2.474437689532315332e+01 2.409920281900566863e+01 2.330930876009822583e+01 2.262514606636946013e+01 2.180702551628161601e+01 2.093299648500332921e+01 1.998368993326790743e+01 1.898708621437366872e+01 1.786941934250123154e+01 1.658889669999999938e+01 1.688936430791046917e+01 1.720077539019970203e+01 1.749247212377511929e+01 1.769085204151912194e+01 1.781308538982039025e+01 1.788638176558905002e+01
2.636151482004956748e+01 2.620369401321673664e+01 2.586834527121225591e+01 2.532624525635477397e+01 2.480200777740412121e+01 2.414069505673935012e+01 2.334192422408062484e+01 2.261354267005143370e+01 2.180819824882034297e+01 2.085213562069521842e+01 1.989815932542854426e+01 1.893432743844350696e+01 1.784490948333062832e+01 1.656625298000000157e+01 1.681177030781797299e+01 1.712071830838462461e+01 1.744531898839293049e+01 1.767934602726561621e+01 1.780474109856091047e+01 1.787713381950565505e+01
2.647754110592001808e+01 2.631918545382404773e+01 2.595449092675339386e+01 2.539498549757901102e+01 2.488223857648035420e+01 2.419883388095456667e+01 2.335776915763107198e+01 2.262951346550311627e+01 2.175461433731719296e+01 2.078978042293827500e+01 1.976937478290458472e+01 1.882392383517782619e+01 1.774044514238700643e+01 1.654955753000000129e+01 1.653590301999999923e+01 1.703692941748688128e+01 1.739149877407080069e+01 1.764127114074265990e+01 1.777992021791250821e+01 1.785743015105711606e+01
2.670623305692714311e+01 2.652025707179459246e+01 2.612357573928266063e+01 2.553607013685624949e+01 2.497867749416208483e+01 2.429896285760118602e+01 2.339378482061264819e+01 2.258577195077374000e+01 2.169142087459135482e+01 2.053537407622604505e+01 1.953383498139961105e+01 1.864450445668256151e+01 1.775134092051424517e+01 1.695121053377941678e+01 1.651597482000000028e+01 1.693990735863674502e+01 1.736073164591391205e+01 1.760328913792612937e+01 1.774841221251199386e+01 1.782458116978682838e+01
2.704010744341859507e+01 2.679801932632787853e+01 2.635126176879883531e+01 2.575040343316176816e+01 2.511728627641346279e+01 2.435413763282053168e+01 2.346774546053147503e+01 2.260632224745338092e+01 2.141242695149894359e+01 2.028082159462790912e+01 1.930971041566796487e+01 1.844668536424442351e+01 1.758135726126270981e+01 1.688513455337638902e+01 1.649316801999999882e+01 1.692524514452455264e+01 1.729433594331348090e+01 1.755799732729631302e+01 1.770452986122854355e+01 1.778160157609234560e+01
2.738142038534741829e+01 2.720324073453046765e+01 2.670519281398001965e+01 2.600217504104336896e+01 2.526651059454498949e+01 2.442790727965645914e+01 2.347077498898118719e+01 2.240575960543906930e+01 2.134467787166481045e+01 2.003941932668212544e+01 1.896212009656444764e+01 1.809604904073645315e+01 1.716739911622794068e+01 1.647318023000000053e+01 1.645573796000000044e+01 1.692810403176228107e+01 1.726909737534431244e+01 1.749712387132861835e+01 1.765663692138203800e+01 1.773657273284871749e+01
2.773991307769234282e+01 2.760954939853556667e+01 2.720918838722801425e+01 2.621868042303323421e+01 2.537980759435565403e+01 2.438636640009485745e+01 2.333897523246440286e+01 2.221364262966676861e+01 2.103311330258455314e+01 1.967048379685898851e+01 1.864862568450997315e+01 1.767039834930525188e+01 1.643906482999999952e+01 1.642591774999999998e+01 1.666930356160904836e+01 1.697891940312491244e+01 1.725153942740436719e+01 1.745872482113600199e+01 1.760689391838946349e+01 1.768170711848143029e+01
2.825228892904670275e+01 2.815772245603452717e+01 2.803665883981571483e+01 1.000000000000000020e+30 1.000000000000000020e+30 1.000000000000000020e+30 2.277177644562329561e+01 2.201248245494421241e+01 2.051136511588213551e+01 1.924500062750904661e+01 1.833681764617350751e+01 1.742950149424423856e+01 1.640943353999999843e+01 1.650200367262671364e+01 1.670768996194522060e+01 1.696037038198132407e+01 1.720132762859734754e+01 1.741071708420340514e+01 1.754417223353661726e+01 1.761794573344309356e+01
2.870954803845131309e+01 2.866289882162352498e+01 2.859292843005400542e+01 1.000000000000000020e+30 1.000000000000000020e+30 1.000000000000000020e+30 1.000000000000000020e+30 1.000000000000000020e+30 1.948368278939247489e+01 1.880153345644846041e+01 1.812665192178297957e+01 1.733395375837530850e+01 1.638706555999999992e+01 1.637472178000000156e+01 1.660083704784633341e+01 1.687627570369403784e+01 1.712881683789753851e+01 1.732655469200721754e+01 1.746743407668961368e+01 1.753591071243307198e+01
2.913104469951001008e+01 2.907961796949757982e+01 2.905769575378355540e+01 1.000000000000000020e+30 1.000000000000000020e+30 1.000000000000000020e+30 1.000000000000000020e+30 1.000000000000000020e+30 1.000000000000000020e+30 1.835332818379466957e+01 1.795162949375175643e+01 1.741928865778733737e+01 1.682856410431981686e+01 1.636122373999999979e+01 1.634344718999999913e+01 1.673025787531858555e+01 1.701331913404135676e+01 1.723012901575025779e+01 1.738236465785357865e+01 1.745310410405453894e+01
2.945598546480870894e+01 2.941781800670797509e+01 2.939679798501580876e+01 1.000000000000000020e+30 1.000000000000000020e+30 1.000000000000000020e+30 1.000000000000000020e+30 1.000000000000000020e+30 1.000000000000000020e+30 1.815112894407054256e+01 1.790538661714858648e+01 1.751039102948857717e+01 1.704733023545144377e+01 1.663482103065034678e+01 1.632561520999999871e+01 1.659614281675210989e+01 1.688334236545729894e+01 1.711965093441770236e+01 1.728190130299684313e+01 1.736550225918098533e+01
2.965055012872024065e+01 2.965072834305620120e+01 2.964287476235602981e+01 1.000000000000000020e+30 1.000000000000000020e+30 1.000000000000000020e+30 1.000000000000000020e+30 1.000000000000000020e+30 1.000000000000000020e+30 1.807726529119359782e+01 1.787904678802996372e+01 1.757695005602479199e+01 1.718426554858635313e+01 1.676821940714773618e+01 1.630186254999999917e+01 1.629035722000000064e+01 1.672280066397437892e+01 1.698460683922208503e+01 1.717679801525226679e+01 1.726653261923077309e+01
2.978741318887671241e+01 2.979120867311353393e+01 2.979724448082488664e+01 1.000000000000000020e+30 1.000000000000000020e+30 1.000000000000000020e+30 1.000000000000000020e+30 1.000000000000000020e+30 1.822188092137200854e+01 1.809751355708327480e+01 1.787017104172007009e+01 1.758147625067044828e+01 1.725214335820012579e+01 1.689238726488651920e+01 1.654427316538686554e+01 1.627644898999999867e+01 1.655154558736352755e+01 1.685023057750608544e+01 1.707296440973096452e+01 1.718271510063433993e+01
2.986990704021656029e+01 2.987284301799982700e+01 2.987556024884532491e+01 1.000000000000000020e+30 1.000000000000000020e+30 1.000000000000000020e+30 1.000000000000000020e+30 1.000000000000000020e+30 1.824111976406152635e+01 1.810757047031801292e+01 1.787798940770509759e+01 1.759575564667381187e+01 1.726358202774851591e+01 1.692336889824954227e+01 1.660727303734307014e+01 1.625798843000000105e+01 1.624499937999999943e+01 1.672433349776062528e+01 1.698817530695581723e+01 1.710676305803037778e+01
2.988333352193036418e+01 2.988676810603021039e+01 2.988324231223184668e+01 1.000000000000000020e+30 1.000000000000000020e+30 1.000000000000000020e+30 1.000000000000000020e+30 1.000000000000000020e+30 1.827764494697190045e+01 1.813033345307331601e+01 1.786214847188434973e+01 1.755274675836720633e+01 1.723132112768713142e+01 1.691077133744670746e+01 1.658719025143005510e+01 1.622604280999999915e+01 1.620939059000000171e+01 1.671542772353496531e+01 1.696699740540472234e+01 1.707867307956678715e+01
2.983351898622003873e+01 2.983240962588101652e+01 2.982612884339961212e+01 1.000000000000000020e+30 1.000000000000000020e+30 1.000000000000000020e+30 1.000000000000000020e+30 1.000000000000000020e+30 1.833861617310776282e+01 1.815429997929237516e+01 1.783964016726661583e+01 1.745156703917749041e+01 1.709106057738884488e+01 1.678996119350480143e+01 1.651037758718112514e+01 1.619095745999999991e+01 1.648978598884489344e+01 1.679205838941510720e+01 1.698966659633488874e+01 1.708646317877088450e+01
2.972164678678560890e+01 2.971471469544621513e+01 2.970834290669369437e+01 1.000000000000000020e+30 1.000000000000000020e+30 1.000000000000000020e+30 1.000000000000000020e+30 1.000000000000000020e+30 1.841826779808958747e+01 1.821412572106262218e+01 1.779153418892337513e+01 1.729194343655788302e+01 1.679973333230029908e+01 1.654468067598702419e+01 1.635944695739848598e+01 1.616672528999999869e+01 1.656662384640854668e+01 1.685696774353084137e+01 1.702969431774252129e+01 1.710916536903728158e+01
2.956551897357069336e+01 2.955606498042589081e+01 2.954037575677705973e+01 1.000000000000000020e+30 1.000000000000000020e+30 1.000000000000000020e+30 1.000000000000000020e+30 1.000000000000000020e+30 1.861145039162709480e+01 1.832465539259960963e+01 1.781638838437905648e+01 1.710610507749065690e+01 1.614802540000000164e+01 1.612869021999999930e+01 1.610518770999999916e+01 1.608847026000000113e+01 1.659579679801749208e+01 1.690050047946355960e+01 1.706425499867222939e+01 1.713379863740455278e+01
2.934735284339006256e+01 2.933779790347850991e+01 2.932535840407212291e+01 1.000000000000000020e+30 1.000000000000000020e+30 1.000000000000000020e+30 1.000000000000000020e+30 1.000000000000000020e+30 1.889971988651503310e+01 1.856819674030143119e+01 1.797854092937060955e+01 1.713224116197109836e+01 1.607034060999999880e+01 1.622383361616206443e+01 1.632624009967383927e+01 1.645923079995738902e+01 1.673519769391786127e+01 1.696485738514176234e+01 1.709536268091365230e+01 1.715892295713176452e+01
2.907226679205687248e+01 2.906245098361596035e+01 2.904537050795183362e+01 1.000000000000000020e+30 1.000000000000000020e+30 1.000000000000000020e+30 1.000000000000000020e+30 1.000000000000000020e+30 1.932345480111513325e+01 1.892605614483087351e+01 1.823439084966116397e+01 1.726075710339365799e+01 1.604653830000000170e+01 1.625176994852035506e+01 1.642218793981152558e+01 1.660116822426596173e+01 1.681702593230714271e+01 1.700212397969327327e+01 1.712021425029891120e+01 1.717344419056177784e+01
2.874945482567050092e+01 2.872601023026995648e+01 2.869034778216702364e+01 1.000000000000000020e+30 1.000000000000000020e+30 1.000000000000000020e+30 1.000000000000000020e+30 1.000000000000000020e+30 1.987725310331171968e+01 1.937079990416479802e+01 1.859767463376048013e+01 1.751564980651856374e+01 1.602238291999999831e+01 1.620193695638153031e+01 1.639170685411386330e+01 1.661345335682901592e+01 1.682947599423998142e+01 1.700219037404413669e+01 1.711823713744681896e+01 1.716772085102742551e+01
2.839817883774818341e+01 2.832850498838946152e+01 2.824818885606352836e+01 1.000000000000000020e+30 1.000000000000000020e+30 1.000000000000000020e+30 1.000000000000000020e+30 2.132787075868149529e+01 2.062276363383152500e+01 1.997850324969919455e+01 1.905221239742562744e+01 1.782731580838096619e+01 1.600526610000000005e+01 1.599113063999999973e+01 1.623890330857604880e+01 1.652748746161565307e+01 1.678249643708079475e+01 1.696028079391606624e+01 1.707702349322221380e+01 1.713580119752059616e+01
2.799584374010075294e+01 2.789328843279565717e+01 2.769159902224934910e+01 2.729586513439276629e+01 1.000000000000000020e+30 1.000000000000000020e+30 1.000000000000000020e+30 2.196014750373402791e+01 2.126918066159433707e+01 2.056986026944834123e+01 1.956676453279999706e+01 1.844911339372791304e+01 1.702404219155076248e+01 1.596930848999999952e+01 1.595693754000000020e+01 1.636493041547811700e+01 1.666670046954997275e+01 1.688963957721802345e+01 1.701838962657955889e+01 1.708467659317635778e+01
2.766298542889190415e+01 2.752336162013848053e+01 2.726230866581094503e+01 2.679655133550927104e+01 2.591049896831829358e+01 2.504940096898761226e+01 2.407759835258371339e+01 2.280728448661644947e+01 2.192805768919599885e+01 2.107610578053935413e+01 2.003229342507026445e+01 1.891656876579001079e+01 1.767407916140052748e+01 1.659138874009017073e+01 1.594421374000000036e+01 1.623212888841642254e+01 1.651514015635233079e+01 1.676315565667733409e+01 1.693641353158226792e+01 1.701956052637030581e+01
2.737251911498114154e+01 2.722725305158224174e+01 2.696088989269743053e+01 2.653318094723366727e+01 2.578485113473545454e+01 2.500471509160994898e+01 2.421370008558038478e+01 2.328975992492878078e+01 2.234235758969647279e+01 2.136637537603508719e+01 2.036726766693318424e+01 1.922703190484200420e+01 1.801285724745196859e+01 1.688844001330469524e+01 1.591940585000000041e+01 1.590568462999999966e+01 1.627900874292543776e+01 1.660752108376716407e+01 1.684117775862335264e+01 1.694905777872276076e+01
2.713789870744131250e+01 2.700506436540520028e+01 2.675598268927977230e+01 2.630387160664765389e+01 2.570146966410193556e+01 2.504863565407677939e+01 2.432605292689045129e+01 2.349800940713950581e+01 2.262168991539329355e+01 2.165209290478733450e+01 2.052437545733256030e+01 1.930511521823326149e+01 1.816469688720895093e+01 1.717571853971803719e+01 1.645722454532777235e+01 1.589168931999999934e+01 1.587505737000000039e+01 1.644046773287220020e+01 1.676633362190051457e+01 1.690856949292132327e+01
2.695282557618915931e+01 2.682748912707186761e+01 2.659084015773857956e+01 2.623550368534859345e+01 2.571050274239727074e+01 2.511371296739423187e+01 2.445692093340763762e+01 2.363340643729003787e+01 2.274135596934695869e+01 2.187541390246349238e+01 2.048901076230060525e+01 1.910772587319525684e+01 1.817308840311250506e+01 1.729865055940921081e+01 1.662707419817767374e+01 1.616019858013575572e+01 1.586010841000000049e+01 1.642438058804963674e+01 1.676519455700656280e+01 1.692017774868622482e+01
2.681533313554342612e+01 2.670005746021515236e+01 2.649483294143715995e+01 2.617958102793837938e+01 2.576537597979462646e+01 2.528420298400628852e+01 2.461622001708709817e+01 2.365280355406452983e+01 2.267439050212946938e+01 2.167192539147840691e+01 2.027545962014874803e+01 1.894047967267799493e+01 1.791231072290884541e+01 1.710099741654706662e+01 1.645152454210048987e+01 1.612325614954827202e+01 1.583766868999999922e+01 1.646860677946791185e+01 1.682600348687550351e+01 1.699003013231394377e+01
2.670444484191266454e+01 2.660115210453992773e+01 2.642995162054704750e+01 2.616466518136437003e+01 2.584075182534134285e+01 2.546629037397044826e+01 2.490402154706795557e+01 2.372993834614763031e+01 2.238572431262788243e+01 2.147285314619004382e+01 2.003081627981144308e+01 1.845925787114385486e+01 1.725328916860245343e+01 1.653079385036743076e+01 1.582262756999999986e+01 1.580599231000000060e+01 1.578884262999999955e+01 1.659895042851486480e+01 1.697811816619005398e+01 1.713775944756320158e+01
2.661314515755207211e+01 2.652613474780335068e+01 2.637187567391704235e+01 2.615552473241738340e+01 2.591246431538158745e+01 2.563652222619643695e+01 2.501459880536734914e+01 2.386374341632512142e+01 2.246987486462734296e+01 2.118320698784664913e+01 1.959476157675427999e+01 1.775777615371252338e+01 1.577895584999999912e+01 1.576130404000000063e+01 1.574116238000000045e+01 1.618819684010973958e+01 1.650946181906445531e+01 1.693154146153477413e+01 1.723091628422322330e+01 1.737117854578923826e+01
2.654737232549416603e+01 2.647293131485131568e+01 2.632694268061103315e+01 2.613877393285573447e+01 2.592059386797539489e+01 2.564028513690852051e+01 2.501369937638665419e+01 2.386942671666021099e+01 2.253984836585828333e+01 2.116962311852287115e+01 1.941648285745461777e+01 1.759186887927958765e+01 1.572113889999999969e+01 1.588933835645724990e+01 1.610827920941211389e+01 1.661453135471787945e+01 1.699958196883540751e+01 1.733878539392338780e+01 1.756484614408029543e+01 1.764666699011942086e+01
2.649538501242674826e+01 2.640945096878840204e+01 2.625902108304090632e+01 2.605207703679906572e+01 2.586281446055362565e+01 2.563616252870534140e+01 2.501525036825597326e+01 2.392648209997618736e+01 2.267233282309991438e+01 2.130020680192295401e+01 1.968634503140322423e+01 1.768399121889022396e+01 1.569695336999999924e+01 1.587199213654453089e+01 1.633785310872067953e+01 1.691614602050165317e+01 1.732253121150006692e+01 1.766172092300622154e+01 1.780781217989483878e+01 1.787495070033025968e+01
2.644783996803204218e+01 2.633768939590066793e+01 2.617751153318602775e+01 2.595921595573046403e+01 2.573992198439208678e+01 2.544362146050652740e+01 2.498309949394761276e+01 2.444177297950756156e+01 2.319636218528010829e+01 2.143964610458103337e+01 2.011533361967757116e+01 1.826413357325283471e+01 1.568069346999999958e+01 1.566866017000000078e+01 1.635532014165039882e+01 1.692994775261516693e+01 1.743522908054667298e+01 1.779099231820375948e+01 1.793829507329256501e+01 1.800299268672453579e+01
1.000000000000000020e+30 2.624528062337131118e+01 2.606930642568267942e+01 2.583844245191289346e+01 2.561298804594763467e+01 2.530204978257775750e+01 2.485870469036717978e+01 2.431049113214023549e+01 2.337521278008476244e+01 2.204482662962674411e+01 2.058540879836209214e+01 1.883055698435518011e+01 1.683208326731205418e+01 1.564932826999999982e+01 1.640800328387084051e+01 1.701237885366589353e+01 1.749620589250610436e+01 1.783403412718572412e+01 1.800286389324839220e+01 1.806399043481261302e+01
1.000000000000000020e+30 1.000000000000000020e+30 2.591597799931725987e+01 2.568278096975789637e+01 2.544733510835317603e+01 2.515678943905584219e+01 2.475370373407353597e+01 2.425154430552628781e+01 2.349587670727414235e+01 2.228000539472397890e+01 2.076695266325361189e+01 1.880636490962403329e+01 1.681382127234017787e+01 1.562695667999999927e+01 1.644731550350966032e+01 1.707005264463292349e+01 1.753680636276808613e+01 1.787531208903871160e+01 1.804244669429916925e+01 1.810050407086940183e+01
1.000000000000000020e+30 1.000000000000000020e+30 1.000000000000000020e+30 2.543072425429424754e+01 2.526265656811626314e+01 2.501943360387584292e+01 2.467408478106168346e+01 2.418377341976079364e+01 2.353912953495463256e+01 2.229523487652874891e+01 2.055194773216049242e+01 1.870263538199688469e+01 1.668778821855344674e+01 1.560379952000000081e+01 1.647037978713650830e+01 1.714627251584225220e+01 1.761708498382139965e+01 1.791280578457019246e+01 1.805550874418882046e+01 1.811705782582652091e+01
1.000000000000000020e+30 1.000000000000000020e+30 1.000000000000000020e+30 2.529356680418434777e+01 2.511839484634393926e+01 2.489901856595327345e+01 2.456401095273769997e+01 2.407393048969317562e+01 2.346006727818514292e+01 2.225907321762063162e+01 2.042260769886394201e+01 1.844133185037581057e+01 1.558035747999999998e+01 1.556877665000000022e+01 1.659839313695447771e+01 1.729561450785782384e+01 1.767907457521142334e+01 1.792185455568842301e+01 1.806026722933052042e+01 1.812488464155000045e+01
1.000000000000000020e+30 1.000000000000000020e+30 1.000000000000000020e+30 1.000000000000000020e+30 2.493316108091336147e+01 2.475830316776453444e+01 2.445663893623071417e+01 2.401096892664856597e+01 2.346886329722142861e+01 2.225178288160692475e+01 2.029366277511724803e+01 1.830850314524361266e+01 1.555753190999999980e+01 1.622301827605646807e+01 1.699153092079025740e+01 1.746327243069155699e+01 1.774364400288841992e+01 1.793438644044842434e+01 1.804897860472082272e+01 1.000000000000000020e+30
1.000000000000000020e+30 1.000000000000000020e+30 1.000000000000000020e+30 1.000000000000000020e+30 2.483033706788394213e+01 2.463927154651360496e+01 2.437339340415414313e+01 2.396840434327304692e+01 2.339431530290269023e+01 2.217252542496811429e+01 2.032479295092144511e+01 1.821379377085778728e+01 1.553521016000000010e+01 1.650562423876332829e+01 1.722596777876707463e+01 1.757792110263361707e+01 1.778009640571391614e+01 1.790306001431010685e+01 1.000000000000000020e+30 1.000000000000000020e+30
1.000000000000000020e+30 1.000000000000000020e+30 1.000000000000000020e+30 1.000000000000000020e+30 1.000000000000000020e+30 2.454297726585862094e+01 2.434145770409214649e+01 2.396644992271195562e+01 2.328756529830853594e+01 2.209066563076170198e+01 2.054846761648989428e+01 1.838323916652087675e+01 1.551198839999999990e+01 1.668405033043063312e+01 1.733742905790843025e+01 1.761122320400588848e+01 1.775461800009130897e+01 1.000000000000000020e+30 1.000000000000000020e+30 1.000000000000000020e+30
