notebooks/part1_flopy/data_project/aquifer_k.asc
NCOLS 20
NROWS 40
XLLCENTER 125.
YLLCENTER 125.
CELLSIZE 250.
NODATA_VALUE 1.e30
0.1451900E-03  0.1413300E-03  0.1443000E-03  0.1109500E-03  0.1127000E-03  0.1187400E-03  0.1053400E-03  0.1148600E-03  0.1214600E-03  0.1040600E-03  0.9250000E-04  0.9537100E-04  0.9097300E-04  0.1163100E-03  0.1123000E-03  0.1060600E-03  0.1138000E-03  0.1145300E-03  0.1120900E-03  0.1107200E-03
0.1487200E-03  0.1480100E-03  0.1045100E-03  0.1158300E-03  0.1054900E-03  0.1108600E-03  0.1058300E-03  0.1131300E-03  0.1191700E-03  0.9856800E-04  0.9195300E-04  0.1008000E-03  0.9237700E-04  0.1049000E-03  0.1192500E-03  0.1075700E-03  0.8161600E-04  0.1138900E-03  0.1171200E-03  0.1017800E-03
0.1411600E-03  0.1590800E-03  0.1089000E-03  0.1126900E-03  0.1155500E-03  0.1107500E-03  0.1094100E-03  0.1159200E-03  0.1038200E-03  0.8943600E-04  0.8644600E-04  0.8758400E-04  0.8587700E-04  0.1191600E-03  0.1053200E-03  0.1137000E-03  0.8232300E-04  0.1066600E-03  0.1099600E-03  0.9953500E-04
0.1074600E-03  0.9376200E-04  0.1155400E-03  0.1184300E-03  0.1129600E-03  0.1136700E-03  0.1077700E-03  0.1078300E-03  0.1103700E-03  0.9027400E-04  0.8535600E-04  0.9450200E-04  0.9343500E-04  0.1008200E-03  0.9859800E-04  0.8194000E-04  0.8504100E-04  0.1134800E-03  0.1061200E-03  0.1076000E-03
0.1080100E-03  0.9592500E-04  0.1110100E-03  0.1134100E-03  0.1217200E-03  0.1119200E-03  0.8896900E-04  0.9167200E-04  0.9653800E-04  0.8819600E-04  0.9590800E-04  0.9576100E-04  0.8828300E-04  0.1095800E-03  0.1049000E-03  0.7692200E-04  0.8729700E-04  0.1005500E-03  0.1137900E-03  0.1002100E-03
0.1105400E-03  0.8309500E-04  0.9852600E-04  0.9255700E-04  0.8149500E-04  0.9177700E-04  0.8795600E-04  0.9196900E-04  0.9431200E-04  0.8651200E-04  0.8791400E-04  0.9153000E-04  0.9460900E-04  0.1103600E-03  0.9890900E-04  0.8679700E-04  0.9433800E-04  0.1096400E-03  0.1088200E-03  0.1012300E-03
0.1129900E-03  0.9228600E-04  0.9285100E-04  0.8165600E-04  0.7937300E-04  0.8935300E-04  0.8736500E-04  0.8727900E-04  0.9078900E-04  0.9264500E-04  0.7198400E-04  0.8092800E-04  0.8814500E-04  0.8797900E-04  0.8067300E-04  0.9443300E-04  0.9594200E-04  0.8933500E-04  0.8862300E-04  0.1147600E-03
0.1090400E-03  0.8993400E-04  0.9423200E-04  0.1136100E-03  0.1092500E-03  0.1087300E-03  0.1125000E-03  0.8001100E-04  0.8695500E-04  0.8639500E-04  0.6743200E-04  0.8438800E-04  0.9728300E-04  0.9113500E-04  0.9168700E-04  0.9960900E-04  0.8105300E-04  0.8430000E-04  0.9775600E-04  0.1083500E-03
0.1182500E-03  0.8360200E-04  0.8839100E-04  0.1179000E-03   1.000e30       1.000e30       1.000e30      0.1081600E-03  0.9024900E-04  0.8467800E-04  0.6433500E-04  0.8604600E-04  0.8616800E-04  0.9063200E-04  0.9114200E-04  0.8944600E-04  0.8433300E-04  0.9726000E-04  0.9065100E-04  0.1173200E-03
0.1079400E-03  0.9484600E-04  0.9123000E-04  0.1082400E-03   1.000e30       1.000e30       1.000e30       1.000e30      0.1161800E-03  0.8462100E-04  0.7467900E-04  0.8488100E-04  0.8291700E-04  0.8702500E-04  0.9189400E-04  0.9344400E-04  0.1004100E-03  0.8888400E-04  0.9400500E-04  0.1140600E-03
0.1168200E-03  0.8432500E-04  0.8423800E-04  0.1014300E-03   1.000e30       1.000e30       1.000e30       1.000e30      0.1041800E-03  0.9084200E-04  0.6082200E-04  0.6394400E-04  0.6905400E-04  0.8796700E-04  0.9215800E-04  0.8029000E-04  0.9314800E-04  0.7712000E-04  0.9282100E-04  0.8364900E-04
0.1172000E-03  0.9552200E-04  0.8870700E-04  0.1009000E-03   1.000e30       1.000e30       1.000e30       1.000e30      0.1090400E-03  0.9002300E-04  0.7349200E-04  0.7544500E-04  0.6970300E-04  0.8058200E-04  0.9302600E-04  0.6241100E-04  0.1044100E-03  0.8163200E-04  0.9196200E-04  0.1032600E-03
0.1071100E-03  0.9675600E-04  0.8616300E-04  0.1072500E-03   1.000e30       1.000e30       1.000e30       1.000e30      0.1107900E-03  0.8997100E-04  0.6113100E-04  0.9262400E-04  0.8342200E-04  0.9485900E-04  0.9132300E-04  0.8877900E-04  0.8489600E-04  0.9169800E-04  0.8082100E-04  0.8548400E-04
0.1085000E-03  0.8775200E-04  0.8136200E-04  0.1182000E-03   1.000e30       1.000e30       1.000e30       1.000e30      0.1037900E-03  0.8768600E-04  0.7035300E-04  0.6892100E-04  0.6602000E-04  0.9145800E-04  0.9982900E-04  0.7852100E-04  0.9710600E-04  0.8692900E-04  0.9946600E-04  0.8696500E-04
0.1101100E-03  0.8580700E-04  0.8716800E-04  0.1205900E-03   1.000e30       1.000e30       1.000e30       1.000e30      0.8861800E-04  0.8475000E-04  0.5610600E-04  0.7522200E-04  0.7162700E-04  0.6963500E-04  0.6969800E-04  0.7319000E-04  0.7001600E-04  0.8296900E-04  0.8891500E-04  0.1178800E-03
0.1033600E-03  0.9192500E-04  0.9246800E-04  0.1052800E-03   1.000e30       1.000e30       1.000e30       1.000e30      0.8841500E-04  0.6729800E-04  0.4746200E-04  0.6572600E-04  0.7278600E-04  0.6995100E-04  0.7193900E-04  0.6782600E-04  0.7687500E-04  0.9453800E-04  0.9370300E-04  0.1053800E-03
0.1153800E-03  0.9152600E-04  0.9165700E-04  0.1122900E-03   1.000e30       1.000e30       1.000e30       1.000e30      0.8059100E-04  0.7316400E-04  0.4865700E-04  0.7540700E-04  0.7152100E-04  0.7249200E-04  0.6722500E-04  0.6256800E-04  0.6533700E-04  0.8957000E-04  0.9037800E-04  0.1184600E-03
0.1089000E-03  0.8383200E-04  0.9529100E-04  0.1030100E-03   1.000e30       1.000e30       1.000e30       1.000e30      0.8254900E-04  0.7732500E-04  0.5262500E-04  0.5683300E-04  0.7304700E-04  0.7184200E-04  0.7369400E-04  0.7673300E-04  0.7268300E-04  0.8574400E-04  0.8907500E-04  0.1126300E-03
0.1091600E-03  0.9297100E-04  0.9472900E-04  0.1038700E-03   1.000e30       1.000e30       1.000e30       1.000e30      0.8159300E-04  0.6488900E-04  0.5453800E-04  0.4062900E-04  0.5975300E-04  0.7071300E-04  0.7547900E-04  0.7596000E-04  0.6799800E-04  0.8810100E-04  0.1007100E-03  0.1114400E-03
0.1097100E-03  0.9215600E-04  0.8378300E-04  0.1114400E-03   1.000e30       1.000e30       1.000e30       1.000e30      0.9784600E-04  0.7421800E-04  0.4777100E-04  0.4497000E-04  0.5923900E-04  0.7011800E-04  0.6993900E-04  0.7591600E-04  0.6892700E-04  0.8780200E-04  0.8722500E-04  0.1119800E-03
0.1156300E-03  0.8428000E-04  0.9133400E-04  0.1220500E-03   1.000e30       1.000e30       1.000e30       1.000e30      0.8971000E-04  0.6953500E-04  0.4997800E-04  0.5199100E-04  0.3821700E-04  0.7912700E-04  0.6997100E-04  0.6892100E-04  0.6721700E-04  0.8028300E-04  0.8285400E-04  0.1089300E-03
0.1106700E-03  0.9077900E-04  0.9632700E-04  0.1164700E-03   1.000e30       1.000e30      0.1131300E-03  0.1104200E-03  0.8908900E-04  0.7110200E-04  0.5124000E-04  0.4128800E-04  0.4867700E-04  0.6885600E-04  0.7250300E-04  0.6600300E-04  0.7181100E-04  0.9430800E-04  0.8820100E-04  0.1032600E-03
0.1063800E-03  0.9112300E-04  0.8281500E-04  0.1149400E-03  0.1090900E-03   1.000e30      0.1134100E-03  0.8392900E-04  0.8636700E-04  0.6733600E-04  0.4779500E-04  0.4519900E-04  0.3900600E-04  0.7661700E-04  0.7080100E-04  0.7365700E-04  0.5339000E-04  0.7760000E-04  0.8680200E-04  0.1094800E-03
0.1135400E-03  0.9536100E-04  0.8728700E-04  0.8839500E-04  0.1027800E-03  0.1100000E-03  0.9737600E-04  0.8471700E-04  0.9917100E-04  0.7211700E-04  0.5065100E-04  0.5252000E-04  0.4698700E-04  0.7279600E-04  0.7436600E-04  0.5157700E-04  0.7559500E-04  0.6935900E-04  0.9513500E-04  0.8924600E-04
0.1132400E-03  0.9206800E-04  0.9169600E-04  0.9264300E-04  0.9184700E-04  0.9092200E-04  0.8916300E-04  0.8314200E-04  0.6517200E-04  0.7733400E-04  0.5268000E-04  0.5142300E-04  0.4156300E-04  0.6737100E-04  0.7638300E-04  0.4763900E-04  0.7110400E-04  0.7581200E-04  0.9354000E-04  0.9409600E-04
0.1142200E-03  0.9124800E-04  0.9591900E-04  0.6735600E-04  0.9117700E-04  0.8451400E-04  0.8923100E-04  0.9496200E-04  0.6948600E-04  0.7001700E-04  0.4812700E-04  0.4947400E-04  0.4760100E-04  0.7764600E-04  0.7547100E-04  0.4800500E-04  0.7729400E-04  0.7897800E-04  0.9441100E-04  0.8844800E-04
0.1175000E-03  0.8378900E-04  0.9909000E-04  0.9166700E-04  0.6639500E-04  0.8745200E-04  0.8990700E-04  0.6506900E-04  0.6874600E-04  0.5219600E-04  0.1718800E-04  0.5354700E-04  0.4613000E-04  0.4905000E-04  0.4985200E-04  0.4518600E-04  0.6188000E-04  0.6267500E-04  0.7298100E-04  0.9491200E-04
0.1012100E-03  0.1074900E-03  0.8386500E-04  0.8873200E-04  0.9231800E-04  0.8303800E-04  0.6106800E-04  0.5477100E-04  0.6896300E-04  0.3949300E-04  0.3997100E-04  0.4882700E-04  0.5058900E-04  0.4683300E-04  0.4899500E-04  0.4529800E-04  0.5220200E-04  0.7028000E-04  0.7185100E-04  0.7905800E-04
0.1047900E-03  0.1104800E-03  0.9092900E-04  0.9043800E-04  0.9668700E-04  0.7354400E-04  0.5655800E-04  0.1329100E-04  0.6956900E-04  0.6109700E-04  0.3251800E-04  0.5442700E-04  0.5224300E-04  0.4288100E-04  0.5427500E-04  0.2692700E-04  0.4677600E-04  0.4850800E-04  0.7386300E-04  0.7700700E-04
0.1023100E-03  0.1166500E-03  0.9741400E-04  0.9781800E-04  0.9990500E-04  0.7611800E-04  0.1590300E-04  0.1863200E-04  0.1560500E-04  0.3311200E-04  0.2492000E-04  0.4982600E-04  0.5447100E-04  0.4701600E-04  0.5078900E-04  0.2718600E-04  0.3754400E-04  0.5032300E-04  0.5174200E-04  0.6036700E-04
0.1108100E-03  0.8525200E-04  0.8515900E-04  0.9217300E-04  0.7256400E-04  0.3921400E-04  0.2958800E-04  0.1967900E-04  0.3287100E-04  0.2472700E-04  0.3127600E-04  0.4833300E-04  0.5499900E-04  0.5000900E-04  0.3335200E-04  0.1619800E-04  0.2646800E-04  0.2091300E-04  0.4628200E-04  0.4825200E-04
0.1092700E-03  0.8622100E-04  0.8704600E-04  0.9061300E-04  0.9616700E-04  0.6629600E-04  0.8710500E-05  0.2771000E-04  0.2869200E-04  0.3579000E-04  0.2665200E-04  0.3390600E-04  0.5481900E-04  0.5342700E-04  0.1836800E-04  0.1858100E-04  0.2446000E-04  0.2174300E-04  0.5184500E-04  0.5756000E-04
 1.000e30      0.9116800E-04  0.8831100E-04  0.8966200E-04  0.8818800E-04  0.8599300E-04  0.6895800E-04  0.4775700E-04  0.4015500E-05  0.2653500E-04  0.2461500E-04  0.2008800E-04  0.1846400E-04  0.5997800E-04  0.5032200E-04  0.4519000E-04  0.2580500E-04  0.4569900E-04  0.4771100E-04  0.7500000E-04
 1.000e30       1.000e30      0.8142000E-04  0.8953700E-04  0.9762900E-04  0.6555100E-04  0.7129400E-04  0.5272200E-04  0.3938800E-04  0.3816100E-04  0.2490600E-04  0.2536700E-04  0.1774000E-04  0.5118900E-04  0.4384100E-04  0.5090000E-04  0.4257500E-04  0.5736600E-04  0.6645300E-04  0.9043300E-04
 1.000e30       1.000e30       1.000e30      0.6618300E-04  0.7644600E-04  0.6464400E-04  0.6097200E-04  0.7739200E-04  0.4015300E-04  0.2630300E-04  0.2220600E-04  0.1437600E-04  0.3881700E-04  0.4578400E-04  0.4890400E-04  0.5395400E-04  0.4955900E-04  0.4641600E-04  0.7674400E-04  0.8853700E-04
 1.000e30       1.000e30       1.000e30       1.000e30      0.7448700E-04  0.7416700E-04  0.7127200E-04  0.5236700E-04  0.4885700E-04  0.1588700E-04  0.2545900E-04  0.2113200E-04  0.2691900E-04  0.5374600E-04  0.4968200E-04  0.4682100E-04  0.4712100E-04  0.6673900E-04  0.1013400E-03   1.000e30
 1.000e30       1.000e30       1.000e30       1.000e30      0.8720300E-04  0.7174400E-04  0.6473700E-04  0.5413600E-04  0.5136000E-04  0.2588400E-04  0.2627700E-04  0.2969900E-04  0.2033100E-04  0.5165300E-04  0.4094100E-04  0.5095200E-04  0.7433700E-04  0.7112000E-04  0.8805000E-04   1.000e30
 1.000e30       1.000e30       1.000e30       1.000e30       1.000e30      0.7443300E-04  0.6898000E-04  0.4781500E-04  0.6218100E-04  0.1590600E-04  0.2039100E-04  0.2718300E-04  0.1726600E-04  0.2083200E-04  0.2854600E-04  0.5453800E-04  0.5074700E-04  0.6309200E-04   1.000e30       1.000e30
 1.000e30       1.000e30       1.000e30       1.000e30       1.000e30      0.6879400E-04  0.7875300E-04  0.6534100E-04  0.5258100E-04  0.2331500E-04  0.2439200E-04  0.2925000E-04  0.2752500E-04  0.1796800E-04  0.3266100E-04  0.4243600E-04  0.6342500E-04   1.000e30       1.000e30       1.000e30
 1.000e30       1.000e30       1.000e30       1.000e30       1.000e30      0.9475100E-04  0.5315100E-04  0.5108700E-04  0.2639000E-04  0.2862500E-04  0.2388600E-04  0.1610000E-04  0.1789500E-04  0.1518800E-04  0.4616300E-04   1.000e30       1.000e30       1.000e30       1.000e30       1.000e30
